-2208946772.0,0.0268857403029
-2208935972.0,0.0220904587263
-2208925172.0,0.0207955656177
-2208928772.0,0.0198578123825
-2208932372.0,0.0195654171644
-2208917972.0,0.0195487088663
-2208921572.0,0.0186882315102
-2208939572.0,0.0173620103424
-2208910772.0,0.0166205796109
-2208957572.0,0.0165704547163
-2208914372.0,0.0165495693436
-2208953972.0,0.016275970961
-2208943172.0,0.0160044611156
-2208961172.0,0.0155220090058
-2208950372.0,0.0142981261644
-2208907172.0,0.0141018036608
-2208989912.0,0.012721280524
-2208986372.0,0.0107288159664
-2208923372.0,0.00988295837128
-2208926972.0,0.00983074493947
-2208930572.0,0.00971378685224
-2208934172.0,0.00944854261869
-2208919772.0,0.00934202721782
-2208916172.0,0.00918956399696
-2208982772.0,0.00908722567063
-2208937772.0,0.00902665808974
-2208989972.0,0.00881153875072
-2208912572.0,0.00853376329354
-2208908972.0,0.00767328593746
-2208964772.0,0.0076106298193
-2208941372.0,0.00749158319479
-2208944972.0,0.00740804170391
-2208979172.0,0.00737671364483
-2208948572.0,0.00727228678123
-2208905372.0,0.0071177350231
-2208952172.0,0.00687546469954
-2208955772.0,0.00644940309605
-2208975572.0,0.00623219521976
-2208988172.0,0.00587505534624
-2208959372.0,0.00548658741364
-2208984572.0,0.00517539536011
-2208968372.0,0.00511273924194
-2208971972.0,0.00498116139381
-2208962972.0,0.00414992355954
-2208980972.0,0.00409771012773
-2208977372.0,0.00356513312337
-2208973772.0,0.00331659718799
-2208927872.0,0.00302837904445
-2208926072.0,0.00301375928355
-2208931472.0,0.00301167074628
-2208929672.0,0.0029949624481
-2208922472.0,0.00299287391083
-2208931172.0,0.00297616561265
-2208923972.0,0.00292604071812
-2208966572.0,0.00292186364358
-2208933272.0,0.00291559803176
-2208927572.0,0.0028905355845
-2208918872.0,0.0028905355845
-2208920672.0,0.00285920752542
-2208924272.0,0.00285920752542
-2208938372.0,0.00284458776451
-2208922172.0,0.00282370239179
-2208935072.0,0.0028153482427
-2208917072.0,0.00278819725817
-2208929972.0,0.00276104627363
-2208936872.0,0.00275686919909
-2208933572.0,0.00268585893184
-2208936572.0,0.00266706209639
-2208934772.0,0.0026587079473
-2208925772.0,0.00265661941003
-2208926372.0,0.00265244233549
-2208920372.0,0.00265244233549
-2208932972.0,0.00264826526094
-2208918572.0,0.00264617672367
-2208919172.0,0.00264199964913
-2208929372.0,0.00261902573913
-2208911672.0,0.00261484866459
-2208937172.0,0.00259396329187
-2208916772.0,0.00258978621732
-2208922772.0,0.00257934353096
-2208938672.0,0.0025166874128
-2208915272.0,0.00251251033826
-2208945872.0,0.00248953642827
-2208940472.0,0.00244567714555
-2208970172.0,0.00243105738465
-2208913472.0,0.00242896884738
-2208989672.0,0.00241643762375
-2208913172.0,0.00237466687831
-2208915572.0,0.00235378150558
-2208914972.0,0.00235169296831
-2208940172.0,0.00232036490923
-2208908072.0,0.00230156807378
-2208909872.0,0.00227859416379
-2208904472.0,0.00227441708925
-2208989072.0,0.0022556202538
-2208944072.0,0.00223891195562
-2208911972.0,0.00223473488108
-2208911372.0,0.00222846926926
-2208941972.0,0.00222429219472
-2208906272.0,0.00221593804563
-2208942272.0,0.00221384950836
-2208931772.0,0.00219505267291
-2208907772.0,0.00218460998655
-2208940772.0,0.00218043291201
-2208928172.0,0.00215537046474
-2208947672.0,0.00213448509202
-2208909572.0,0.00211568825657
-2208924572.0,0.00210106849567
-2208989372.0,0.00209271434658
-2208904172.0,0.00208853727204
-2208908372.0,0.00205929775023
-2208988772.0,0.00204885506387
-2208943772.0,0.00200081870661
-2208917372.0,0.00195487088663
-2208949472.0,0.00194860527481
-2208920972.0,0.00194442820027
-2208935372.0,0.00193189697663
-2208904772.0,0.00192980843936
-2208985172.0,0.00191518867846
-2208953072.0,0.00189639184301
-2208938972.0,0.00187968354483
-2208905972.0,0.00187341793302
-2208945572.0,0.00185670963484
-2208913772.0,0.00180449620304
-2208951272.0,0.0018003191285
-2208910172.0,0.00178778790486
-2208947972.0,0.00177107960669
-2208949172.0,0.00176481399487
-2208944372.0,0.00175854838305
-2208987272.0,0.00175019423397
-2208983372.0,0.00174601715942
-2208985472.0,0.00172304324943
-2208954872.0,0.00172304324943
-2208987572.0,0.00172304324943
-2208986972.0,0.00170215787671
-2208956672.0,0.00169589226489
-2208947372.0,0.00169589226489
-2208983672.0,0.00167500689217
-2208942572.0,0.00164785590764
-2208927272.0,0.00160817369947
-2208983972.0,0.00160399662492
-2208952772.0,0.00159146540129
-2208950972.0,0.00158728832675
-2208981572.0,0.00157058002857
-2208906572.0,0.00154760611858
-2208958472.0,0.00153925196949
-2208930872.0,0.00153298635767
-2208923672.0,0.00150583537314
-2208960272.0,0.00150165829859
-2208981872.0,0.00149121561223
-2208946172.0,0.00147450731406
-2208985772.0,0.00144944486679
-2208920072.0,0.00143273656862
-2208956372.0,0.00141393973317
-2208954572.0,0.00140349704681
-2208980072.0,0.00139305436045
-2208980372.0,0.00139096582318
-2208951572.0,0.00138678874863
-2208959972.0,0.00138052313682
-2208977972.0,0.00137216898773
-2208976172.0,0.00134919507774
-2208979772.0,0.00134084092865
-2208925472.0,0.00131995555593
-2208916472.0,0.00131786701865
-2208930272.0,0.00131577848138
-2208929072.0,0.00130533579502
-2208926672.0,0.00129489310866
-2208958172.0,0.00128236188503
-2208923072.0,0.00127191919867
-2208982172.0,0.00127191919867
-2208958772.0,0.00126147651231
-2208955172.0,0.00125103382595
-2208962072.0,0.00124476821413
-2208976472.0,0.00124059113959
-2208961772.0,0.00123432552777
-2208974372.0,0.0012322369905
-2208934472.0,0.00123014845323
-2208933872.0,0.00121135161778
-2208918272.0,0.00121135161778
-2208974672.0,0.00120926308051
-2208915872.0,0.00120508600596
-2208938072.0,0.00119673185688
-2208921872.0,0.0011946433196
-2208912872.0,0.00119255478233
-2208932672.0,0.00119046624506
-2208928472.0,0.00118837770779
-2208949772.0,0.00117793502143
-2208976772.0,0.00116958087234
-2208921272.0,0.00116331526052
-2208978272.0,0.00115078403689
-2208932072.0,0.00114451842508
-2208919472.0,0.00113825281326
-2208937472.0,0.00110901329145
-2208941672.0,0.00110483621691
-2208914672.0,0.00109648206782
-2208924872.0,0.00108395084419
-2208972872.0,0.00107768523237
-2208914072.0,0.00107768523237
-2208917672.0,0.00106933108328
-2208936272.0,0.00105471132238
-2208956972.0,0.0010380030242
-2208909272.0,0.00103591448693
-2208912272.0,0.00103173741239
-2208935672.0,0.00103173741239
-2208962372.0,0.00102756033784
-2208988472.0,0.00101711765148
-2208974972.0,0.00101502911421
-2208908672.0,0.00101294057694
-2208960572.0,0.000996232278761
-2208973172.0,0.000994143741489
-2208903872.0,0.000994143741489
-2208978572.0,0.000989966666945
-2208945272.0,0.000979523980585
-2208943472.0,0.000977435443313
-2208963872.0,0.000977435443313
-2208905072.0,0.000973258368769
-2208972572.0,0.000962815682409
-2208984872.0,0.000956550070593
-2208910472.0,0.000956550070593
-2208905672.0,0.000946107384232
-2208987872.0,0.000937753235144
-2208939872.0,0.000935664697872
-2208948872.0,0.000931487623328
-2208942872.0,0.000931487623328
-2208953372.0,0.000916867862424
-2208941072.0,0.000910602250608
-2208907472.0,0.000883451266071
-2208911072.0,0.000873008579711
-2208939272.0,0.000862565893351
-2208965672.0,0.000856300281535
-2208906872.0,0.000852123206991
-2208947072.0,0.000839591983359
-2208971072.0,0.00083123783427
-2208963572.0,0.00082079514791
-2208967472.0,0.00082079514791
-2208946472.0,0.000818706610638
-2208984272.0,0.000812440998822
-2208969272.0,0.000783201477014
-2208970772.0,0.000783201477014
-2208986072.0,0.000779024402469
-2208944672.0,0.000774847327925
-2208986672.0,0.000766493178837
-2208968972.0,0.000760227567021
-2208952472.0,0.000758139029749
-2208981272.0,0.000751873417933
-2208983072.0,0.000751873417933
-2208965372.0,0.000739342194301
-2208948272.0,0.000737253657029
-2208969572.0,0.000726810970669
-2208965972.0,0.000722633896125
-2208982472.0,0.000720545358852
-2208967172.0,0.000720545358852
-2208980672.0,0.000699659986132
-2208950672.0,0.0006871287625
-2208956072.0,0.000662066315235
-2208964172.0,0.000653712166147
-2208951872.0,0.000637003867971
-2208971372.0,0.000620295569795
-2208979472.0,0.000620295569795
-2208950072.0,0.000614029957979
-2208974072.0,0.000603587271618
-2208953672.0,0.000601498734346
-2208957272.0,0.000599410197074
-2208977672.0,0.000588967510714
-2208975872.0,0.00058479043617
-2208977072.0,0.000570170675266
-2208967772.0,0.000559727988906
-2208959672.0,0.000559727988906
-2208955472.0,0.00055346237709
-2208975272.0,0.000551373839818
-2208954272.0,0.000522134318009
-2208978872.0,0.000515868706193
-2208960872.0,0.000499160408017
-2208959072.0,0.000490806258928
-2208973472.0,0.000478275035296
-2208957872.0,0.000449035513488
-2208970472.0,0.000434415752584
-2208968072.0,0.000400999156231
-2208964472.0,0.000388467932599
-2208961472.0,0.000384290858055
-2208966872.0,0.000382202320783
-2208972272.0,0.000365494022606
-2208962672.0,0.000350874261702
-2208971672.0,0.000346697187158
-2208963272.0,0.000346697187158
-2208903632.0,0.000334165963526
-2208966272.0,0.000298660829901
-2208935912.0,0.000290306680813
-2208968672.0,0.000284041068997
-2208969872.0,0.000277775457181
-2208965072.0,0.000263155696277
-2208916892.0,0.00023600471174
-2208931292.0,0.000229739099924
-2208927692.0,0.000227650562652
-2208928892.0,0.00022556202538
-2208915092.0,0.000221384950836
-2208930092.0,0.000221384950836
-2208918692.0,0.000217207876292
-2208934892.0,0.00021511933902
-2208923492.0,0.000210942264476
-2208928652.0,0.000210942264476
-2208989852.0,0.000210942264476
-2208928292.0,0.000208853727204
-2208924452.0,0.000206765189932
-2208937892.0,0.000206765189932
-2208932012.0,0.000206765189932
-2208932492.0,0.00020467665266
-2208933092.0,0.00020467665266
-2208919892.0,0.000200499578115
-2208927092.0,0.000200499578115
-2208920552.0,0.000200499578115
-2208942092.0,0.000200499578115
-2208946712.0,0.000198411040843
-2208917012.0,0.000196322503571
-2208937292.0,0.000194233966299
-2208917492.0,0.000194233966299
-2208915692.0,0.000192145429027
-2208924092.0,0.000192145429027
-2208931892.0,0.000192145429027
-2208909692.0,0.000192145429027
-2208916292.0,0.000192145429027
-2208939092.0,0.000190056891755
-2208922052.0,0.000190056891755
-2208944492.0,0.000190056891755
-2208926492.0,0.000190056891755
-2208939692.0,0.000187968354483
-2208927332.0,0.000187968354483
-2208919292.0,0.000187968354483
-2208933692.0,0.000187968354483
-2208930692.0,0.000187968354483
-2208931652.0,0.000187968354483
-2208924332.0,0.000185879817211
-2208922892.0,0.000185879817211
-2208921152.0,0.000185879817211
-2208929552.0,0.000183791279939
-2208913292.0,0.000183791279939
-2208925652.0,0.000183791279939
-2208928592.0,0.000183791279939
-2208931052.0,0.000183791279939
-2208928052.0,0.000181702742667
-2208923732.0,0.000181702742667
-2208920792.0,0.000181702742667
-2208935492.0,0.000179614205395
-2208910292.0,0.000179614205395
-2208940892.0,0.000179614205395
-2208919952.0,0.000179614205395
-2208922352.0,0.000177525668123
-2208938132.0,0.000177525668123
-2208920492.0,0.000177525668123
-2208929792.0,0.000177525668123
-2208926252.0,0.000177525668123
-2208912692.0,0.000175437130851
-2208924992.0,0.000175437130851
-2208922292.0,0.000175437130851
-2208935852.0,0.000173348593579
-2208920852.0,0.000173348593579
-2208918752.0,0.000173348593579
-2208948692.0,0.000173348593579
-2208922412.0,0.000173348593579
-2208922652.0,0.000173348593579
-2208912092.0,0.000171260056307
-2208930212.0,0.000171260056307
-2208913952.0,0.000171260056307
-2208920732.0,0.000171260056307
-2208915032.0,0.000171260056307
-2208918092.0,0.000171260056307
-2208927752.0,0.000171260056307
-2208934292.0,0.000171260056307
-2208935792.0,0.000171260056307
-2208930992.0,0.000169171519035
-2208927212.0,0.000169171519035
-2208923792.0,0.000169171519035
-2208922232.0,0.000169171519035
-2208934952.0,0.000169171519035
-2208929492.0,0.000169171519035
-2208941492.0,0.000169171519035
-2208929852.0,0.000169171519035
-2208925532.0,0.000169171519035
-2208938492.0,0.000169171519035
-2208922592.0,0.000167082981763
-2208936692.0,0.000167082981763
-2208920432.0,0.000167082981763
-2208917612.0,0.000167082981763
-2208931532.0,0.000167082981763
-2208925352.0,0.000167082981763
-2208917192.0,0.000164994444491
-2208921812.0,0.000164994444491
-2208940652.0,0.000164994444491
-2208921092.0,0.000164994444491
-2208936992.0,0.000164994444491
-2208924392.0,0.000164994444491
-2208926852.0,0.000164994444491
-2208936932.0,0.000162905907219
-2208948992.0,0.000162905907219
-2208921692.0,0.000162905907219
-2208928532.0,0.000162905907219
-2208935192.0,0.000162905907219
-2208936752.0,0.000162905907219
-2208924152.0,0.000162905907219
-2208943292.0,0.000162905907219
-2208916532.0,0.000162905907219
-2208921212.0,0.000162905907219
-2208924692.0,0.000162905907219
-2208926012.0,0.000162905907219
-2208925292.0,0.000162905907219
-2208914492.0,0.000160817369947
-2208924032.0,0.000160817369947
-2208923852.0,0.000160817369947
-2208917792.0,0.000160817369947
-2208929732.0,0.000160817369947
-2208930332.0,0.000160817369947
-2208913652.0,0.000160817369947
-2208922532.0,0.000160817369947
-2208938432.0,0.000160817369947
-2208926432.0,0.000160817369947
-2208915392.0,0.000158728832675
-2208941192.0,0.000158728832675
-2208916592.0,0.000158728832675
-2208930812.0,0.000158728832675
-2208921932.0,0.000158728832675
-2208924812.0,0.000158728832675
-2208933452.0,0.000158728832675
-2208944252.0,0.000158728832675
-2208916052.0,0.000158728832675
-2208920192.0,0.000158728832675
-2208989492.0,0.000158728832675
-2208915332.0,0.000158728832675
-2208942692.0,0.000158728832675
-2208919352.0,0.000156640295403
-2208910892.0,0.000156640295403
-2208930632.0,0.000156640295403
-2208936092.0,0.000156640295403
-2208913892.0,0.000156640295403
-2208903692.0,0.000156640295403
-2208922832.0,0.000156640295403
-2208918332.0,0.000156640295403
-2208937052.0,0.000156640295403
-2208929132.0,0.000156640295403
-2208946052.0,0.000156640295403
-2208935312.0,0.000156640295403
-2208989732.0,0.000156640295403
-2208987092.0,0.000156640295403
-2208989792.0,0.000156640295403
-2208924752.0,0.000156640295403
-2208941732.0,0.000156640295403
-2208918212.0,0.000154551758131
-2208943892.0,0.000154551758131
-2208988292.0,0.000154551758131
-2208930752.0,0.000154551758131
-2208988892.0,0.000154551758131
-2208913592.0,0.000154551758131
-2208933752.0,0.000154551758131
-2208941012.0,0.000154551758131
-2208947192.0,0.000154551758131
-2208946952.0,0.000154551758131
-2208927452.0,0.000154551758131
-2208911552.0,0.000154551758131
-2208939212.0,0.000154551758131
-2208925592.0,0.000154551758131
-2208941552.0,0.000154551758131
-2208918992.0,0.000154551758131
-2208931952.0,0.000154551758131
-2208931412.0,0.000154551758131
-2208919052.0,0.000154551758131
-2208945692.0,0.000152463220859
-2208934592.0,0.000152463220859
-2208923432.0,0.000152463220859
-2208945092.0,0.000152463220859
-2208937952.0,0.000152463220859
-2208951092.0,0.000152463220859
-2208950492.0,0.000152463220859
-2208906092.0,0.000152463220859
-2208930152.0,0.000152463220859
-2208952952.0,0.000152463220859
-2208926792.0,0.000152463220859
-2208920132.0,0.000152463220859
-2208927932.0,0.000152463220859
-2208938552.0,0.000152463220859
-2208928232.0,0.000150374683587
-2208925952.0,0.000150374683587
-2208944132.0,0.000150374683587
-2208942452.0,0.000150374683587
-2208932252.0,0.000150374683587
-2208925892.0,0.000150374683587
-2208946232.0,0.000150374683587
-2208913352.0,0.000150374683587
-2208923012.0,0.000150374683587
-2208921752.0,0.000150374683587
-2208920252.0,0.000150374683587
-2208905492.0,0.000150374683587
-2208949292.0,0.000150374683587
-2208920312.0,0.000148286146315
-2208928352.0,0.000148286146315
-2208921992.0,0.000148286146315
-2208914612.0,0.000148286146315
-2208914132.0,0.000148286146315
-2208906692.0,0.000148286146315
-2208931352.0,0.000148286146315
-2208914912.0,0.000148286146315
-2208922952.0,0.000148286146315
-2208939152.0,0.000148286146315
-2208908492.0,0.000148286146315
-2208918452.0,0.000148286146315
-2208920612.0,0.000146197609043
-2208932792.0,0.000146197609043
-2208943232.0,0.000146197609043
-2208936452.0,0.000146197609043
-2208914792.0,0.000146197609043
-2208915632.0,0.000146197609043
-2208917552.0,0.000146197609043
-2208929192.0,0.000146197609043
-2208907892.0,0.000146197609043
-2208919652.0,0.000146197609043
-2208910052.0,0.000146197609043
-2208917432.0,0.000146197609043
-2208909092.0,0.000146197609043
-2208938192.0,0.000146197609043
-2208933152.0,0.00014410907177
-2208930452.0,0.00014410907177
-2208929012.0,0.00014410907177
-2208945992.0,0.00014410907177
-2208947852.0,0.00014410907177
-2208935252.0,0.00014410907177
-2208910412.0,0.00014410907177
-2208924632.0,0.00014410907177
-2208927992.0,0.00014410907177
-2208944192.0,0.00014410907177
-2208926192.0,0.00014410907177
-2208945332.0,0.00014410907177
-2208942392.0,0.00014410907177
-2208940532.0,0.00014410907177
-2208942752.0,0.00014410907177
-2208934832.0,0.00014410907177
-2208946352.0,0.00014410907177
-2208926612.0,0.00014410907177
-2208942332.0,0.00014410907177
-2208909992.0,0.00014410907177
-2208946292.0,0.000142020534498
-2208927032.0,0.000142020534498
-2208986852.0,0.000142020534498
-2208926132.0,0.000142020534498
-2208941852.0,0.000142020534498
-2208904292.0,0.000142020534498
-2208937832.0,0.000142020534498
-2208984932.0,0.000142020534498
-2208940592.0,0.000142020534498
-2208938792.0,0.000142020534498
-2208945392.0,0.000142020534498
-2208949892.0,0.000142020534498
-2208928112.0,0.000142020534498
-2208930932.0,0.000142020534498
-2208925832.0,0.000139931997226
-2208919232.0,0.000139931997226
-2208912032.0,0.000139931997226
-2208923252.0,0.000139931997226
-2208928952.0,0.000139931997226
-2208939812.0,0.000139931997226
-2208911492.0,0.000139931997226
-2208927812.0,0.000139931997226
-2208944792.0,0.000139931997226
-2208933992.0,0.000139931997226
-2208933632.0,0.000139931997226
-2208940292.0,0.000139931997226
-2208985292.0,0.000139931997226
-2208915212.0,0.000139931997226
-2208951692.0,0.000139931997226
-2208913112.0,0.000139931997226
-2208929252.0,0.000139931997226
-2208917132.0,0.000139931997226
-2208927512.0,0.000139931997226
-2208913232.0,0.000137843459954
-2208919412.0,0.000137843459954
-2208937412.0,0.000137843459954
-2208946892.0,0.000137843459954
-2208934532.0,0.000137843459954
-2208937232.0,0.000137843459954
-2208918932.0,0.000137843459954
-2208932552.0,0.000137843459954
-2208931232.0,0.000137843459954
-2208942632.0,0.000137843459954
-2208912752.0,0.000137843459954
-2208917852.0,0.000137843459954
-2208937592.0,0.000137843459954
-2208936152.0,0.000137843459954
-2208912932.0,0.000137843459954
-2208952892.0,0.000135754922682
-2208926732.0,0.000135754922682
-2208909632.0,0.000135754922682
-2208930392.0,0.000135754922682
-2208926552.0,0.000135754922682
-2208948212.0,0.000135754922682
-2208942152.0,0.000135754922682
-2208945632.0,0.000135754922682
-2208938252.0,0.000135754922682
-2208929612.0,0.000135754922682
-2208923132.0,0.000135754922682
-2208913532.0,0.000135754922682
-2208984092.0,0.000135754922682
-2208945152.0,0.000135754922682
-2208923192.0,0.000135754922682
-2208943592.0,0.000135754922682
-2208913052.0,0.00013366638541
-2208925412.0,0.00013366638541
-2208909752.0,0.00013366638541
-2208915512.0,0.00013366638541
-2208937352.0,0.00013366638541
-2208935132.0,0.00013366638541
-2208927152.0,0.00013366638541
-2208941132.0,0.00013366638541
-2208904232.0,0.00013366638541
-2208914192.0,0.00013366638541
-2208906452.0,0.00013366638541
-2208925112.0,0.00013366638541
-2208904892.0,0.00013366638541
-2208914552.0,0.00013366638541
-2208917312.0,0.00013366638541
-2208945452.0,0.00013366638541
-2208945932.0,0.00013366638541
-2208936332.0,0.00013366638541
-2208916952.0,0.00013366638541
-2208951212.0,0.000131577848138
-2208952652.0,0.000131577848138
-2208947492.0,0.000131577848138
-2208933392.0,0.000131577848138
-2208940232.0,0.000131577848138
-2208940832.0,0.000131577848138
-2208983852.0,0.000131577848138
-2208942032.0,0.000131577848138
-2208905792.0,0.000131577848138
-2208940352.0,0.000131577848138
-2208949232.0,0.000131577848138
-2208944552.0,0.000131577848138
-2208909392.0,0.000131577848138
-2208911852.0,0.000131577848138
-2208915992.0,0.000131577848138
-2208913832.0,0.000131577848138
-2208924512.0,0.000131577848138
-2208939752.0,0.000131577848138
-2208941252.0,0.000131577848138
-2208989612.0,0.000131577848138
-2208908792.0,0.000131577848138
-2208945752.0,0.000131577848138
-2208934352.0,0.000129489310866
-2208989552.0,0.000129489310866
-2208938852.0,0.000129489310866
-2208907292.0,0.000129489310866
-2208937652.0,0.000129489310866
-2208939332.0,0.000129489310866
-2208986492.0,0.000129489310866
-2208917252.0,0.000129489310866
-2208942212.0,0.000129489310866
-2208932612.0,0.000129489310866
-2208939452.0,0.000129489310866
-2208938912.0,0.000129489310866
-2208919592.0,0.000129489310866
-2208916352.0,0.000129489310866
-2208945212.0,0.000129489310866
-2208980492.0,0.000129489310866
-2208916232.0,0.000129489310866
-2208923612.0,0.000129489310866
-2208918392.0,0.000129489310866
-2208987992.0,0.000129489310866
-2208928832.0,0.000127400773594
-2208911792.0,0.000127400773594
-2208988532.0,0.000127400773594
-2208935432.0,0.000127400773594
-2208934412.0,0.000127400773594
-2208987692.0,0.000127400773594
-2208911252.0,0.000127400773594
-2208924212.0,0.000127400773594
-2208915152.0,0.000127400773594
-2208918152.0,0.000127400773594
-2208934652.0,0.000127400773594
-2208937532.0,0.000127400773594
-2208939932.0,0.000127400773594
-2208943412.0,0.000127400773594
-2208938612.0,0.000127400773594
-2208911732.0,0.000127400773594
-2208988952.0,0.000127400773594
-2208989192.0,0.000127400773594
-2208921452.0,0.000125312236322
-2208986792.0,0.000125312236322
-2208910952.0,0.000125312236322
-2208932132.0,0.000125312236322
-2208935612.0,0.000125312236322
-2208933932.0,0.000125312236322
-2208920912.0,0.000125312236322
-2208942812.0,0.000125312236322
-2208984212.0,0.000125312236322
-2208935732.0,0.000125312236322
-2208927392.0,0.000125312236322
-2208933812.0,0.000125312236322
-2208904592.0,0.000125312236322
-2208947432.0,0.000125312236322
-2208940052.0,0.000125312236322
-2208932192.0,0.000125312236322
-2208935552.0,0.000125312236322
-2208983492.0,0.000125312236322
-2208919112.0,0.000125312236322
-2208941312.0,0.000125312236322
-2208989252.0,0.000125312236322
-2208931712.0,0.000125312236322
-2208927632.0,0.000125312236322
-2208926312.0,0.00012322369905
-2208942992.0,0.00012322369905
-2208912812.0,0.00012322369905
-2208940952.0,0.00012322369905
-2208929912.0,0.00012322369905
-2208925052.0,0.00012322369905
-2208938012.0,0.00012322369905
-2208934712.0,0.00012322369905
-2208928412.0,0.00012322369905
-2208953252.0,0.00012322369905
-2208910652.0,0.00012322369905
-2208941612.0,0.00012322369905
-2208904052.0,0.00012322369905
-2208933332.0,0.00012322369905
-2208909212.0,0.00012322369905
-2208982652.0,0.00012322369905
-2208917732.0,0.00012322369905
-2208949952.0,0.00012322369905
-2208930512.0,0.00012322369905
-2208912452.0,0.00012322369905
-2208944612.0,0.00012322369905
-2208915452.0,0.00012322369905
-2208943052.0,0.00012322369905
-2208936212.0,0.000121135161778
-2208916832.0,0.000121135161778
-2208933032.0,0.000121135161778
-2208952052.0,0.000121135161778
-2208909332.0,0.000121135161778
-2208906632.0,0.000121135161778
-2208943832.0,0.000121135161778
-2208932732.0,0.000121135161778
-2208985892.0,0.000121135161778
-2208949832.0,0.000121135161778
-2208918632.0,0.000121135161778
-2208921332.0,0.000121135161778
-2208942932.0,0.000121135161778
-2208954692.0,0.000121135161778
-2208913412.0,0.000121135161778
-2208944312.0,0.000121135161778
-2208909932.0,0.000121135161778
-2208926912.0,0.000121135161778
-2208943352.0,0.000121135161778
-2208931112.0,0.000121135161778
-2208941912.0,0.000121135161778
-2208985592.0,0.000121135161778
-2208945812.0,0.000119046624506
-2208930032.0,0.000119046624506
-2208915752.0,0.000119046624506
-2208946112.0,0.000119046624506
-2208947732.0,0.000119046624506
-2208950252.0,0.000119046624506
-2208951812.0,0.000119046624506
-2208981092.0,0.000119046624506
-2208943952.0,0.000119046624506
-2208919832.0,0.000119046624506
-2208987632.0,0.000119046624506
-2208939392.0,0.000119046624506
-2208921032.0,0.000119046624506
-2208909812.0,0.000119046624506
-2208950012.0,0.000119046624506
-2208947132.0,0.000119046624506
-2208939992.0,0.000119046624506
-2208914852.0,0.000119046624506
-2208939032.0,0.000119046624506
-2208925712.0,0.000119046624506
-2208988652.0,0.000119046624506
-2208979292.0,0.000119046624506
-2208932432.0,0.000116958087234
-2208950852.0,0.000116958087234
-2208952352.0,0.000116958087234
-2208982892.0,0.000116958087234
-2208908612.0,0.000116958087234
-2208906332.0,0.000116958087234
-2208936632.0,0.000116958087234
-2208984812.0,0.000116958087234
-2208953492.0,0.000116958087234
-2208932852.0,0.000116958087234
-2208941432.0,0.000116958087234
-2208904532.0,0.000116958087234
-2208920012.0,0.000116958087234
-2208952292.0,0.000116958087234
-2208947792.0,0.000116958087234
-2208923552.0,0.000116958087234
-2208912152.0,0.000116958087234
-2208916412.0,0.000116958087234
-2208948752.0,0.000116958087234
-2208908252.0,0.000116958087234
-2208987752.0,0.000116958087234
-2208952532.0,0.000116958087234
-2208921392.0,0.000116958087234
-2208943652.0,0.000114869549962
-2208909512.0,0.000114869549962
-2208931832.0,0.000114869549962
-2208984692.0,0.000114869549962
-2208904412.0,0.000114869549962
-2208911432.0,0.000114869549962
-2208951152.0,0.000114869549962
-2208914732.0,0.000114869549962
-2208933512.0,0.000114869549962
-2208910352.0,0.000114869549962
-2208912992.0,0.000114869549962
-2208941792.0,0.000114869549962
-2208938312.0,0.000114869549962
-2208934052.0,0.000114869549962
-2208949652.0,0.000114869549962
-2208929432.0,0.000114869549962
-2208915932.0,0.000114869549962
-2208931592.0,0.000114869549962
-2208924932.0,0.000114869549962
-2208981692.0,0.00011278101269
-2208911192.0,0.00011278101269
-2208985532.0,0.00011278101269
-2208949352.0,0.00011278101269
-2208948152.0,0.00011278101269
-2208949532.0,0.00011278101269
-2208909452.0,0.00011278101269
-2208939632.0,0.00011278101269
-2208929312.0,0.00011278101269
-2208934232.0,0.00011278101269
-2208943532.0,0.00011278101269
-2208907952.0,0.00011278101269
-2208946412.0,0.00011278101269
-2208906512.0,0.00011278101269
-2208908012.0,0.00011278101269
-2208940412.0,0.000110692475418
-2208950792.0,0.000110692475418
-2208953732.0,0.000110692475418
-2208985052.0,0.000110692475418
-2208933212.0,0.000110692475418
-2208906152.0,0.000110692475418
-2208944732.0,0.000110692475418
-2208904952.0,0.000110692475418
-2208947912.0,0.000110692475418
-2208956492.0,0.000110692475418
-2208918812.0,0.000110692475418
-2208940112.0,0.000108603938146
-2208908192.0,0.000108603938146
-2208949052.0,0.000108603938146
-2208908732.0,0.000108603938146
-2208978092.0,0.000108603938146
-2208910232.0,0.000108603938146
-2208907592.0,0.000108603938146
-2208946592.0,0.000108603938146
-2208983192.0,0.000108603938146
-2208944432.0,0.000108603938146
-2208950552.0,0.000108603938146
-2208910592.0,0.000108603938146
-2208910832.0,0.000108603938146
-2208923912.0,0.000108603938146
-2208948932.0,0.000108603938146
-2208912212.0,0.000108603938146
-2208944012.0,0.000108603938146
-2208951452.0,0.000108603938146
-2208982112.0,0.000106515400874
-2208906752.0,0.000106515400874
-2208985652.0,0.000106515400874
-2208955292.0,0.000106515400874
-2208955892.0,0.000106515400874
-2208987932.0,0.000106515400874
-2208948092.0,0.000106515400874
-2208953012.0,0.000106515400874
-2208922712.0,0.000106515400874
-2208946652.0,0.000106515400874
-2208906032.0,0.000106515400874
-2208949712.0,0.000106515400874
-2208950192.0,0.000106515400874
-2208949412.0,0.000106515400874
-2208983792.0,0.000106515400874
-2208977492.0,0.000106515400874
-2208907052.0,0.000106515400874
-2208936032.0,0.000106515400874
-2208953192.0,0.000104426863602
-2208986192.0,0.000104426863602
-2208916652.0,0.000104426863602
-2208910532.0,0.000104426863602
-2208908852.0,0.000104426863602
-2208988592.0,0.000104426863602
-2208905732.0,0.000104426863602
-2208943112.0,0.000104426863602
-2208984392.0,0.000104426863602
-2208948632.0,0.000104426863602
-2208921632.0,0.000104426863602
-2208949592.0,0.000104426863602
-2208985412.0,0.000104426863602
-2208909152.0,0.000104426863602
-2208906932.0,0.000104426863602
-2208975092.0,0.000104426863602
-2208984752.0,0.000104426863602
-2208954932.0,0.000104426863602
-2208986012.0,0.000104426863602
-2208987152.0,0.000104426863602
-2208908132.0,0.000104426863602
-2208981992.0,0.000104426863602
-2208946532.0,0.000104426863602
-2208945512.0,0.00010233832633
-2208950612.0,0.00010233832633
-2208987812.0,0.00010233832633
-2208904832.0,0.00010233832633
-2208951632.0,0.00010233832633
-2208918032.0,0.00010233832633
-2208934112.0,0.00010233832633
-2208928712.0,0.00010233832633
-2208985832.0,0.00010233832633
-2208911612.0,0.00010233832633
-2208916712.0,0.00010233832633
-2208952412.0,0.00010233832633
-2208935012.0,0.00010233832633
-2208952832.0,0.00010233832633
-2208956252.0,0.00010233832633
-2208981332.0,0.000100249789058
-2208953312.0,0.000100249789058
-2208903752.0,0.000100249789058
-2208911012.0,0.000100249789058
-2208905012.0,0.000100249789058
-2208957092.0,0.000100249789058
-2208908552.0,0.000100249789058
-2208954392.0,0.000100249789058
-2208954092.0,0.000100249789058
-2208952232.0,0.000100249789058
-2208938732.0,0.000100249789058
-2208906992.0,0.000100249789058
-2208936392.0,0.000100249789058
-2208981392.0,0.000100249789058
-2208905852.0,0.000100249789058
-2208988712.0,0.000100249789058
-2208916112.0,0.000100249789058
-2208914432.0,0.000100249789058
-2208921512.0,0.000100249789058
-2208923312.0,0.000100249789058
-2208976892.0,0.000100249789058
-2208936812.0,0.000100249789058
-2208947552.0,0.000100249789058
-2208903932.0,0.000100249789058
-2208946832.0,0.000100249789058
-2208948032.0,0.000100249789058
-2208907532.0,0.000100249789058
-2208907832.0,0.000100249789058
-2208944852.0,9.81612517857e-05
-2208947612.0,9.81612517857e-05
-2208982232.0,9.81612517857e-05
-2208982292.0,9.81612517857e-05
-2208956852.0,9.81612517857e-05
-2208914312.0,9.81612517857e-05
-2208980132.0,9.81612517857e-05
-2208985352.0,9.81612517857e-05
-2208907652.0,9.81612517857e-05
-2208912392.0,9.81612517857e-05
-2208948452.0,9.81612517857e-05
-2208903992.0,9.81612517857e-05
-2208981752.0,9.81612517857e-05
-2208956792.0,9.81612517857e-05
-2208919532.0,9.60727145137e-05
-2208974492.0,9.60727145137e-05
-2208918512.0,9.60727145137e-05
-2208951392.0,9.60727145137e-05
-2208915812.0,9.60727145137e-05
-2208953552.0,9.60727145137e-05
-2208906392.0,9.60727145137e-05
-2208981812.0,9.60727145137e-05
-2208989132.0,9.60727145137e-05
-2208984992.0,9.60727145137e-05
-2208987452.0,9.60727145137e-05
-2208951752.0,9.60727145137e-05
-2208945032.0,9.60727145137e-05
-2208911312.0,9.39841772416e-05
-2208954332.0,9.39841772416e-05
-2208986552.0,9.39841772416e-05
-2208912512.0,9.39841772416e-05
-2208951992.0,9.39841772416e-05
-2208910112.0,9.39841772416e-05
-2208908432.0,9.39841772416e-05
-2208948812.0,9.39841772416e-05
-2208957152.0,9.39841772416e-05
-2208936512.0,9.39841772416e-05
-2208905252.0,9.39841772416e-05
-2208948332.0,9.39841772416e-05
-2208950732.0,9.39841772416e-05
-2208985952.0,9.39841772416e-05
-2208912332.0,9.39841772416e-05
-2208919712.0,9.39841772416e-05
-2208940712.0,9.39841772416e-05
-2208904112.0,9.18956399696e-05
-2208986252.0,9.18956399696e-05
-2208987392.0,9.18956399696e-05
-2208981512.0,9.18956399696e-05
-2208959732.0,9.18956399696e-05
-2208948392.0,9.18956399696e-05
-2208957992.0,9.18956399696e-05
-2208951512.0,9.18956399696e-05
-2208986732.0,9.18956399696e-05
-2208950912.0,9.18956399696e-05
-2208985712.0,9.18956399696e-05
-2208977732.0,9.18956399696e-05
-2208982352.0,9.18956399696e-05
-2208989312.0,9.18956399696e-05
-2208955652.0,9.18956399696e-05
-2208956012.0,9.18956399696e-05
-2208950132.0,9.18956399696e-05
-2208947252.0,9.18956399696e-05
-2208911132.0,9.18956399696e-05
-2208980552.0,9.18956399696e-05
-2208906812.0,9.18956399696e-05
-2208984032.0,8.98071026976e-05
-2208987032.0,8.98071026976e-05
-2208953132.0,8.98071026976e-05
-2208978692.0,8.98071026976e-05
-2208917912.0,8.98071026976e-05
-2208979652.0,8.98071026976e-05
-2208982052.0,8.98071026976e-05
-2208947012.0,8.98071026976e-05
-2208955532.0,8.98071026976e-05
-2208986432.0,8.98071026976e-05
-2208983252.0,8.98071026976e-05
-2208987332.0,8.98071026976e-05
-2208904352.0,8.98071026976e-05
-2208909032.0,8.98071026976e-05
-2208973292.0,8.98071026976e-05
-2208985232.0,8.98071026976e-05
-2208913712.0,8.98071026976e-05
-2208958952.0,8.98071026976e-05
-2208978332.0,8.98071026976e-05
-2208978452.0,8.98071026976e-05
-2208955112.0,8.98071026976e-05
-2208905552.0,8.98071026976e-05
-2208914012.0,8.77185654255e-05
-2208959492.0,8.77185654255e-05
-2208911912.0,8.77185654255e-05
-2208957452.0,8.77185654255e-05
-2208953432.0,8.77185654255e-05
-2208981452.0,8.77185654255e-05
-2208953792.0,8.77185654255e-05
-2208980732.0,8.77185654255e-05
-2208951932.0,8.77185654255e-05
-2208962252.0,8.77185654255e-05
-2208988412.0,8.77185654255e-05
-2208982952.0,8.77185654255e-05
-2208932912.0,8.77185654255e-05
-2208904652.0,8.77185654255e-05
-2208983132.0,8.77185654255e-05
-2208974252.0,8.77185654255e-05
-2208978212.0,8.56300281535e-05
-2208947312.0,8.56300281535e-05
-2208979892.0,8.56300281535e-05
-2208903812.0,8.56300281535e-05
-2208983552.0,8.56300281535e-05
-2208932312.0,8.56300281535e-05
-2208951332.0,8.56300281535e-05
-2208986132.0,8.56300281535e-05
-2208914252.0,8.35414908814e-05
-2208974192.0,8.35414908814e-05
-2208952712.0,8.35414908814e-05
-2208957692.0,8.35414908814e-05
-2208955592.0,8.35414908814e-05
-2208954752.0,8.35414908814e-05
-2208974132.0,8.35414908814e-05
-2208979832.0,8.35414908814e-05
-2208907232.0,8.35414908814e-05
-2208954452.0,8.35414908814e-05
-2208981932.0,8.35414908814e-05
-2208905612.0,8.35414908814e-05
-2208988052.0,8.35414908814e-05
-2208954812.0,8.14529536094e-05
-2208943712.0,8.14529536094e-05
-2208950312.0,8.14529536094e-05
-2208977612.0,8.14529536094e-05
-2208980252.0,8.14529536094e-05
-2208922112.0,8.14529536094e-05
-2208982532.0,8.14529536094e-05
-2208980192.0,8.14529536094e-05
-2208908312.0,8.14529536094e-05
-2208952592.0,8.14529536094e-05
-2208912632.0,8.14529536094e-05
-2208973352.0,7.93644163374e-05
-2208985112.0,7.93644163374e-05
-2208937112.0,7.93644163374e-05
-2208907412.0,7.93644163374e-05
-2208925232.0,7.93644163374e-05
-2208984452.0,7.93644163374e-05
-2208959852.0,7.93644163374e-05
-2208986312.0,7.93644163374e-05
-2208979952.0,7.93644163374e-05
-2208905312.0,7.93644163374e-05
-2208989012.0,7.93644163374e-05
-2208958352.0,7.93644163374e-05
-2208908912.0,7.93644163374e-05
-2208957332.0,7.93644163374e-05
-2208979112.0,7.93644163374e-05
-2208905132.0,7.93644163374e-05
-2208955052.0,7.72758790653e-05
-2208955412.0,7.72758790653e-05
-2208960212.0,7.72758790653e-05
-2208989432.0,7.72758790653e-05
-2208961892.0,7.72758790653e-05
-2208953612.0,7.72758790653e-05
-2208950432.0,7.72758790653e-05
-2208980312.0,7.72758790653e-05
-2208949112.0,7.72758790653e-05
-2208957632.0,7.72758790653e-05
-2208988832.0,7.72758790653e-05
-2208976292.0,7.72758790653e-05
-2208960092.0,7.72758790653e-05
-2208981152.0,7.51873417933e-05
-2208984632.0,7.51873417933e-05
-2208972992.0,7.51873417933e-05
-2208984152.0,7.51873417933e-05
-2208959792.0,7.51873417933e-05
-2208980792.0,7.51873417933e-05
-2208905192.0,7.51873417933e-05
-2208955352.0,7.51873417933e-05
-2208906212.0,7.51873417933e-05
-2208973892.0,7.51873417933e-05
-2208980612.0,7.51873417933e-05
-2208939512.0,7.51873417933e-05
-2208954212.0,7.51873417933e-05
-2208982832.0,7.51873417933e-05
-2208987512.0,7.51873417933e-05
-2208973592.0,7.51873417933e-05
-2208954032.0,7.51873417933e-05
-2208975032.0,7.51873417933e-05
-2208958592.0,7.30988045213e-05
-2208988352.0,7.30988045213e-05
-2208954992.0,7.30988045213e-05
-2208953912.0,7.30988045213e-05
-2208980432.0,7.30988045213e-05
-2208960152.0,7.30988045213e-05
-2208979412.0,7.30988045213e-05
-2208978992.0,7.30988045213e-05
-2208960392.0,7.30988045213e-05
-2208956432.0,7.30988045213e-05
-2208944912.0,7.30988045213e-05
-2208977192.0,7.30988045213e-05
-2208958832.0,7.30988045213e-05
-2208981212.0,7.30988045213e-05
-2208952112.0,7.30988045213e-05
-2208974852.0,7.30988045213e-05
-2208982412.0,7.30988045213e-05
-2208979052.0,7.30988045213e-05
-2208980852.0,7.30988045213e-05
-2208975752.0,7.30988045213e-05
-2208983912.0,7.30988045213e-05
-2208974732.0,7.30988045213e-05
-2208988232.0,7.10102672492e-05
-2208954632.0,7.10102672492e-05
-2208979232.0,7.10102672492e-05
-2208955832.0,7.10102672492e-05
-2208977552.0,7.10102672492e-05
-2208958652.0,7.10102672492e-05
-2208956552.0,7.10102672492e-05
-2208958292.0,7.10102672492e-05
-2208986912.0,7.10102672492e-05
-2208974912.0,7.10102672492e-05
-2208980012.0,7.10102672492e-05
-2208972932.0,7.10102672492e-05
-2208951032.0,7.10102672492e-05
-2208905432.0,7.10102672492e-05
-2208979532.0,7.10102672492e-05
-2208968252.0,7.10102672492e-05
-2208907712.0,7.10102672492e-05
-2208975692.0,7.10102672492e-05
-2208978392.0,6.89217299772e-05
-2208976952.0,6.89217299772e-05
-2208956312.0,6.89217299772e-05
-2208955232.0,6.89217299772e-05
-2208976532.0,6.89217299772e-05
-2208957752.0,6.89217299772e-05
-2208961952.0,6.89217299772e-05
-2208956132.0,6.89217299772e-05
-2208960812.0,6.89217299772e-05
-2208977132.0,6.89217299772e-05
-2208973652.0,6.89217299772e-05
-2208976592.0,6.89217299772e-05
-2208955952.0,6.89217299772e-05
-2208905912.0,6.89217299772e-05
-2208957812.0,6.89217299772e-05
-2208983432.0,6.89217299772e-05
-2208907112.0,6.89217299772e-05
-2208907352.0,6.89217299772e-05
-2208973232.0,6.89217299772e-05
-2208958052.0,6.89217299772e-05
-2208983612.0,6.89217299772e-05
-2208956912.0,6.89217299772e-05
-2208957212.0,6.89217299772e-05
-2208974792.0,6.68331927052e-05
-2208978512.0,6.68331927052e-05
-2208956612.0,6.68331927052e-05
-2208984332.0,6.68331927052e-05
-2208961652.0,6.68331927052e-05
-2208948512.0,6.68331927052e-05
-2208957392.0,6.68331927052e-05
-2208975152.0,6.68331927052e-05
-2208960692.0,6.68331927052e-05
-2208972812.0,6.68331927052e-05
-2208956192.0,6.47446554331e-05
-2208978932.0,6.47446554331e-05
-2208962492.0,6.47446554331e-05
-2208954512.0,6.47446554331e-05
-2208960932.0,6.47446554331e-05
-2208978032.0,6.47446554331e-05
-2208978632.0,6.47446554331e-05
-2208975212.0,6.47446554331e-05
-2208963452.0,6.47446554331e-05
-2208937712.0,6.47446554331e-05
-2208957932.0,6.47446554331e-05
-2208984512.0,6.47446554331e-05
-2208958412.0,6.47446554331e-05
-2208978812.0,6.47446554331e-05
-2208971612.0,6.47446554331e-05
-2208982592.0,6.47446554331e-05
-2208963392.0,6.47446554331e-05
-2208977432.0,6.47446554331e-05
-2208959552.0,6.26561181611e-05
-2208958892.0,6.26561181611e-05
-2208982712.0,6.26561181611e-05
-2208974612.0,6.26561181611e-05
-2208975452.0,6.26561181611e-05
-2208975932.0,6.26561181611e-05
-2208983732.0,6.26561181611e-05
-2208977792.0,6.26561181611e-05
-2208975992.0,6.26561181611e-05
-2208978752.0,6.26561181611e-05
-2208986612.0,6.26561181611e-05
-2208963932.0,6.0567580889e-05
-2208972752.0,6.0567580889e-05
-2208976832.0,6.0567580889e-05
-2208960452.0,6.0567580889e-05
-2208973952.0,6.0567580889e-05
-2208973532.0,6.0567580889e-05
-2208965192.0,6.0567580889e-05
-2208979592.0,6.0567580889e-05
-2208953852.0,6.0567580889e-05
-2208978152.0,6.0567580889e-05
-2208942512.0,6.0567580889e-05
-2208972692.0,6.0567580889e-05
-2208976352.0,6.0567580889e-05
-2208961532.0,6.0567580889e-05
-2208904712.0,6.0567580889e-05
-2208954152.0,6.0567580889e-05
-2208979352.0,6.0567580889e-05
-2208975512.0,5.8479043617e-05
-2208957032.0,5.8479043617e-05
-2208988112.0,5.8479043617e-05
-2208961052.0,5.8479043617e-05
-2208961292.0,5.8479043617e-05
-2208981632.0,5.8479043617e-05
-2208969092.0,5.8479043617e-05
-2208961352.0,5.8479043617e-05
-2208960032.0,5.8479043617e-05
-2208960632.0,5.8479043617e-05
-2208959432.0,5.8479043617e-05
-2208961592.0,5.8479043617e-05
-2208968492.0,5.8479043617e-05
-2208957512.0,5.8479043617e-05
-2208974432.0,5.6390506345e-05
-2208973412.0,5.6390506345e-05
-2208959192.0,5.6390506345e-05
-2208959612.0,5.6390506345e-05
-2208964292.0,5.6390506345e-05
-2208976712.0,5.6390506345e-05
-2208974012.0,5.6390506345e-05
-2208967892.0,5.6390506345e-05
-2208959012.0,5.6390506345e-05
-2208976112.0,5.6390506345e-05
-2208981032.0,5.6390506345e-05
-2208960992.0,5.43019690729e-05
-2208971252.0,5.43019690729e-05
-2208983012.0,5.43019690729e-05
-2208977252.0,5.43019690729e-05
-2208979712.0,5.43019690729e-05
-2208972152.0,5.43019690729e-05
-2208975632.0,5.43019690729e-05
-2208958232.0,5.43019690729e-05
-2208960332.0,5.43019690729e-05
-2208971192.0,5.43019690729e-05
-2208967292.0,5.43019690729e-05
-2208975812.0,5.43019690729e-05
-2208977912.0,5.43019690729e-05
-2208972092.0,5.22134318009e-05
-2208960512.0,5.22134318009e-05
-2208972452.0,5.22134318009e-05
-2208910712.0,5.22134318009e-05
-2208962132.0,5.22134318009e-05
-2208967052.0,5.22134318009e-05
-2208972392.0,5.22134318009e-05
-2208974552.0,5.22134318009e-05
-2208965852.0,5.22134318009e-05
-2208962192.0,5.22134318009e-05
-2208987212.0,5.22134318009e-05
-2208956732.0,5.22134318009e-05
-2208963332.0,5.22134318009e-05
-2208966692.0,5.22134318009e-05
-2208970892.0,5.22134318009e-05
-2208976652.0,5.22134318009e-05
-2208971552.0,5.01248945289e-05
-2208972632.0,5.01248945289e-05
-2208963692.0,5.01248945289e-05
-2208976232.0,5.01248945289e-05
-2208964892.0,5.01248945289e-05
-2208970952.0,5.01248945289e-05
-2208961412.0,5.01248945289e-05
-2208973832.0,5.01248945289e-05
-2208961712.0,5.01248945289e-05
-2208964352.0,5.01248945289e-05
-2208959252.0,5.01248945289e-05
-2208963092.0,5.01248945289e-05
-2208966392.0,5.01248945289e-05
-2208969152.0,5.01248945289e-05
-2208966032.0,5.01248945289e-05
-2208960752.0,5.01248945289e-05
-2208970532.0,5.01248945289e-05
-2208975332.0,4.80363572568e-05
-2208970052.0,4.80363572568e-05
-2208972332.0,4.80363572568e-05
-2208977012.0,4.80363572568e-05
-2208971432.0,4.80363572568e-05
-2208958712.0,4.80363572568e-05
-2208966752.0,4.80363572568e-05
-2208975392.0,4.80363572568e-05
-2208958532.0,4.80363572568e-05
-2208977852.0,4.80363572568e-05
-2208958112.0,4.80363572568e-05
-2208971312.0,4.80363572568e-05
-2208971492.0,4.80363572568e-05
-2208976412.0,4.80363572568e-05
-2208959912.0,4.80363572568e-05
-2208968852.0,4.80363572568e-05
-2208962012.0,4.59478199848e-05
-2208966092.0,4.59478199848e-05
-2208964232.0,4.59478199848e-05
-2208968552.0,4.59478199848e-05
-2208970292.0,4.59478199848e-05
-2208965792.0,4.59478199848e-05
-2208964052.0,4.59478199848e-05
-2208969452.0,4.59478199848e-05
-2208972212.0,4.59478199848e-05
-2208972032.0,4.59478199848e-05
-2208969812.0,4.38592827128e-05
-2208962732.0,4.38592827128e-05
-2208962552.0,4.38592827128e-05
-2208969992.0,4.38592827128e-05
-2208971732.0,4.38592827128e-05
-2208967112.0,4.38592827128e-05
-2208971912.0,4.38592827128e-05
-2208970592.0,4.38592827128e-05
-2208962792.0,4.38592827128e-05
-2208961832.0,4.38592827128e-05
-2208967652.0,4.38592827128e-05
-2208969392.0,4.38592827128e-05
-2208968192.0,4.17707454407e-05
-2208963992.0,4.17707454407e-05
-2208970352.0,4.17707454407e-05
-2208966932.0,4.17707454407e-05
-2208965012.0,4.17707454407e-05
-2208966992.0,4.17707454407e-05
-2208971792.0,4.17707454407e-05
-2208973712.0,4.17707454407e-05
-2208968132.0,4.17707454407e-05
-2208964832.0,4.17707454407e-05
-2208973052.0,3.96822081687e-05
-2208959132.0,3.96822081687e-05
-2208977312.0,3.96822081687e-05
-2208955712.0,3.96822081687e-05
-2208959312.0,3.96822081687e-05
-2208965732.0,3.96822081687e-05
-2208976052.0,3.96822081687e-05
-2208962612.0,3.96822081687e-05
-2208970652.0,3.96822081687e-05
-2208980912.0,3.96822081687e-05
-2208983312.0,3.96822081687e-05
-2208963752.0,3.75936708967e-05
-2208963212.0,3.75936708967e-05
-2208968732.0,3.75936708967e-05
-2208969032.0,3.75936708967e-05
-2208969632.0,3.75936708967e-05
-2208964952.0,3.75936708967e-05
-2208974312.0,3.75936708967e-05
-2208967832.0,3.75936708967e-05
-2208966152.0,3.75936708967e-05
-2208972512.0,3.75936708967e-05
-2208964592.0,3.75936708967e-05
-2208962852.0,3.75936708967e-05
-2208963152.0,3.75936708967e-05
-2208970832.0,3.75936708967e-05
-2208971012.0,3.55051336246e-05
-2208968312.0,3.55051336246e-05
-2208970232.0,3.55051336246e-05
-2208966812.0,3.55051336246e-05
-2208963632.0,3.55051336246e-05
-2208964112.0,3.55051336246e-05
-2208967952.0,3.55051336246e-05
-2208961112.0,3.55051336246e-05
-2208961232.0,3.55051336246e-05
-2208969512.0,3.55051336246e-05
-2208970112.0,3.34165963526e-05
-2208962312.0,3.34165963526e-05
-2208969692.0,3.34165963526e-05
-2208962432.0,3.34165963526e-05
-2208969332.0,3.34165963526e-05
-2208962912.0,3.34165963526e-05
-2208967532.0,3.34165963526e-05
-2208971132.0,3.34165963526e-05
-2208965492.0,3.13280590805e-05
-2208970412.0,3.13280590805e-05
-2208967352.0,3.13280590805e-05
-2208963812.0,3.13280590805e-05
-2208965912.0,3.13280590805e-05
-2208968792.0,3.13280590805e-05
-2208965132.0,3.13280590805e-05
-2208964412.0,2.92395218085e-05
-2208973112.0,2.92395218085e-05
-2208969212.0,2.92395218085e-05
-2208968612.0,2.92395218085e-05
-2208963032.0,2.92395218085e-05
-2208966512.0,2.71509845365e-05
-2208971852.0,2.71509845365e-05
-2208965612.0,2.71509845365e-05
-2208965312.0,2.71509845365e-05
-2208966632.0,2.71509845365e-05
-2208967712.0,2.71509845365e-05
-2208968012.0,2.71509845365e-05
-2208967412.0,2.71509845365e-05
-2208968432.0,2.71509845365e-05
-2208966452.0,2.71509845365e-05
-2208965252.0,2.71509845365e-05
-2208970712.0,2.71509845365e-05
-2208965552.0,2.50624472644e-05
-2208964652.0,2.50624472644e-05
-2208963512.0,2.50624472644e-05
-2208964532.0,2.50624472644e-05
-2208965432.0,2.29739099924e-05
-2208966332.0,2.29739099924e-05
-2208964712.0,2.29739099924e-05
-2208967592.0,2.08853727204e-05
-2208969752.0,2.08853727204e-05
-2208968912.0,2.08853727204e-05
-2208967232.0,1.67082981763e-05
-2208969932.0,1.67082981763e-05
-2208966212.0,1.25312236322e-05
